9024.153617542159 8287.667730227577 7742.6461717346 7544.365901904086
9012.4803807423 8320.147757399009 8237.501330223584 7544.365901904089
8888.330897903705 8326.09919364123 7853.6218248718615 7544.365901904087
9008.286531490196 8397.01246979349 7798.380926907638 7544.365901904088
9067.719438747456 8006.672562057243 7748.336193491675 7544.365901904089
9008.286531490196 7873.168126384698 7544.36590190409 7544.365901904087
8944.32685576016 8199.431835984595 7544.365901904088 7544.365901904088
9012.4803807423 8280.252870278315 8060.969529836048 7544.365901904086
9355.384615847885 8072.737257875048 7790.139086417555 7544.365901904087
9102.83048493705 8347.151281908002 7879.390150464467 7544.365901904089
9077.923730765511 8733.452120894503 7848.654884439125 7544.36590190409
9355.384615847885 7976.265221236576 7544.365901904088 7544.365901904088
8944.32685576016 8364.839017333394 7833.930652432632 7544.365901904088
9008.286531490196 8438.547687331824 7661.013272126165 7544.365901904089
9027.436182673526 8503.679587166807 7849.395176892106 7544.365901904088
9410.777816405582 8332.723027883794 8090.555013109398 7544.365901904087
9636.792164649409 8088.9608319998 7544.365901904091 7544.365901904088
7978.558314201455 8286.254728814665 7544.365901904087 7544.365901904087
9027.436182673526 8289.60027018186 7736.34670258059 7544.365901904088
9142.530653288373 8117.386027659053 8231.289639727906 7544.365901904088
8951.00805056324 8566.335993867662 7598.442340904543 7544.365901904088
9410.777816405582 8315.000138523239 8100.038352523226 7544.365901904088
9402.117032344995 8082.182353873492 7735.798385217678 7544.365901904088
8962.293190048264 7787.315069816491 7777.332311275912 7544.365901904089
9067.719438747456 8091.246190784894 8100.157902169489 7544.365901904088
9187.258222607485 8627.088650773163 8057.366938317668 7544.365901904088
9005.260127278216 8321.20043191092 8042.856946660837 7544.365901904091
9355.384615847885 8148.958320706267 7817.761593068722 7544.365901904089
9355.384615847885 8265.846847936376 7821.415763490346 7544.365901904088
8944.32685576016 8199.635625830477 7819.935568205085 7544.365901904089
8977.41050196624 8624.210645882018 7735.798385217679 7544.365901904089
9542.143584727128 8447.954741692081 7851.424463347247 7544.365901904086
9436.089933910886 8444.855494880203 7544.36590190409 7544.365901904089
9033.289986125512 8571.596263214642 7828.4319368948845 7544.365901904089
9402.117032344995 8044.577044196613 7707.2918867076 7544.365901904088
9102.83048493705 8560.481655584275 8232.893905061543 7544.365901904087
8980.918279329191 9126.322541047719 7970.766997345809 7544.365901904089
8996.633186334373 8282.797243013025 7824.54077357594 7544.365901904089
8761.480988204139 8003.798179814198 7760.632623627773 7544.365901904087
9033.289986125512 8694.973211436325 8194.402278237729 7544.365901904086
