8996.633186334373 8026.098354984996 7544.365901904086 7544.365901904086
9142.530653288373 8454.58390367186 7760.6326236277755 7544.365901904089
9410.777816405582 8273.87381838815 7716.685877327631 7544.365901904087
8974.367909852373 8138.2195738774235 8244.381548418274 7544.365901904087
10028.721904601129 7939.446432736997 7870.290178569971 7544.365901904086
9067.959917522969 8089.573706393672 7735.798385217677 7544.365901904088
8951.00805056324 8346.804111344512 7891.240981247622 7544.365901904088
8951.00805056324 8187.296052395539 7800.275952255717 7544.365901904089
9139.966373242876 8438.962810542836 7816.427690839138 7544.36590190409
8870.787108419541 8130.3306776610225 8049.922248298224 7544.365901904088
9187.258222607485 8552.6480799627 7774.730679038767 7544.365901904091
8996.633186334373 8451.889419549847 7544.365901904089 7544.365901904089
8996.633186334373 8615.820398097349 7783.556641560973 7544.365901904089
9072.584793430742 8441.548725266253 7729.5008454094295 7544.365901904088
9079.853885929993 7859.302839936157 7837.1322659269035 7544.365901904088
8974.367909852373 8617.322878954134 7760.071474130051 7544.365901904089
9542.143584727128 7928.14519328172 7544.365901904088 7544.365901904088
9139.966373242876 8198.302085155898 7544.365901904091 7544.365901904087
9008.286531490196 8923.118569719 7939.49672194737 7544.365901904091
8980.918279329191 9004.87399858161 7544.36590190409 7544.365901904087
8980.918279329191 8255.906137190846 7816.945148984382 7544.365901904089
9072.584793430742 8259.366165898828 8125.789144439908 7544.365901904087
8996.633186334373 8180.717530542593 7878.102572575658 7544.365901904088
8962.293190048264 8038.492651495993 8265.444676895095 7544.365901904088
9012.4803807423 8094.905592339819 7544.36590190409 7544.365901904086
9372.614819344257 8104.362463212539 7735.798385217679 7544.365901904087
9033.289986125512 7833.852993234589 7985.260071270829 7544.365901904087
9322.24893932863 8449.845906228198 7544.365901904089 7544.365901904089
8951.00805056324 8145.494097686721 7818.102974407002 7544.365901904088
7976.777744122419 8479.123248498123 7544.36590190409 7544.365901904087
9014.349552989823 8274.349725150812 7544.365901904091 7544.365901904087
9011.624794372683 8182.2120115059315 7900.4666847152075 7544.365901904088
9355.384615847885 7855.243287215614 7735.798385217678 7544.365901904087
8980.918279329191 8453.377941807346 8021.07516398255 7544.365901904088
9436.089933910886 8367.63196840569 7544.36590190409 7544.365901904089
8888.330897903705 8218.762295965089 7544.365901904091 7544.365901904087
9024.153617542159 8212.226362161395 8075.288545292275 7544.365901904088
7976.777744122419 8145.592543431727 7925.920859493796 7544.365901904087
9402.117032344995 8373.00335400579 7810.055380225741 7544.365901904087
9636.792164649409 8450.021376047145 7544.365901904088 7544.365901904088
9372.614819344257 8782.603880036377 7919.964625309602 7544.365901904087
9039.665490760544 7848.767465151163 8203.841396936525 7544.365901904086
8974.367909852373 8505.803940326801 7544.36590190409 7544.365901904088
9051.993306987444 8149.3602098319325 7838.491510939051 7544.365901904088
9187.258222607485 8635.724540182864 7544.365901904088 7544.365901904088
8974.367909852373 8334.38295054722 7737.779329165595 7544.365901904088
9187.258222607485 8371.167905418833 8110.516205651817 7544.365901904088
9039.665490760544 7945.120035997794 7749.8808416570955 7544.365901904088
9441.930418135657 8218.063036324324 8112.480822581931 7544.36590190409
8980.918279329191 8009.883759975486 8137.219563816434 7544.365901904088
9469.37967585963 7859.994985408889 7926.483227598424 7544.365901904088
9027.436182673526 7890.499642514716 8303.655175618593 7544.365901904086
9072.584793430742 8614.891189872918 7716.857573149667 7544.365901904088
8870.787108419541 8449.796768938517 7850.32336086264 7544.365901904088
9469.37967585963 8384.960008175807 7851.424463347244 7544.365901904087
10028.721904601129 8927.611491536709 7794.012197946593 7544.365901904087
9008.286531490196 8353.96481943564 7684.582910903149 7544.365901904088
9067.719438747456 8118.404190188315 8008.3413700978645 7544.365901904087
9441.930418135657 8053.365468479692 7753.772004976041 7544.365901904087
9024.153617542159 8415.689870375993 7820.279709096559 7544.365901904088
9102.83048493705 8379.536675611203 7745.40235048507 7544.365901904088
9441.930418135657 8191.651502735334 7904.652121590016 7544.365901904086
8888.330897903705 8233.072411502806 7913.79819260416 7544.365901904089
8974.367909852373 8024.20082378451 7900.66498686856 7544.365901904087
9402.117032344995 8413.105341051294 7955.136794775583 7544.365901904088
9479.455698694197 8109.8258794825915 8278.708881624909 7544.365901904089
9005.260127278216 8750.384985967938 7713.917961557852 7544.365901904088
9634.96069155336 8526.886315331136 8040.505265412353 7544.365901904087
9008.286531490196 8110.050811134665 7661.013272126167 7544.365901904089
9069.492318121014 7873.168126384696 7739.609895260826 7544.36590190409
8962.293190048264 8142.578008407299 7707.6184924038425 7544.365901904088
9436.089933910886 7978.18262001346 7952.0651069413625 7544.365901904088
9039.665490760544 7880.836211189647 7758.0217537659955 7544.365901904088
9139.966373242876 8730.44795324721 7763.566222475606 7544.365901904088
7976.777744122419 8047.388296954736 7731.98638199858 7544.365901904087
7976.777744122419 8188.021075975332 8021.219314899542 7544.365901904089
9142.530653288373 8400.97230914086 7544.365901904091 7544.365901904087
9187.258222607485 8054.076874771755 7874.224919702007 7544.365901904088
9067.959917522969 8524.500078887433 7629.872461527244 7544.365901904088
8951.00805056324 8472.063858523885 8046.235363455737 7544.365901904089
8974.367909852373 8355.47345175045 7544.36590190409 7544.365901904088
8761.480988204139 8414.71930582596 8009.16738285281 7544.365901904088
9542.143584727128 8171.26979887907 7756.553317968861 7544.36590190409
9139.966373242876 7919.647930183778 7544.365901904088 7544.365901904091
9479.455698694197 8476.951385421804 7682.3570780024365 7544.365901904086
9069.492318121014 8233.002941173387 7544.36590190409 7544.365901904087
7976.777744122419 8293.392619962953 7544.36590190409 7544.365901904088
9372.614819344257 8353.397028985943 7977.408489890327 7544.365901904088
8962.293190048264 8034.613999043185 8124.4437643813335 7544.365901904086
8980.918279329191 8826.365981041916 7805.161347181525 7544.365901904086
8888.330897903705 7964.448172582138 7837.1322659269035 7544.365901904089
9102.83048493705 7869.811295433037 8010.879142498671 7544.365901904086
9033.289986125512 8519.40802353779 7800.275952255715 7544.365901904088
7976.777744122419 8505.45659566627 7544.365901904091 7544.365901904087
9142.530653288373 8255.323354406155 8078.880486684064 7544.36590190409
9139.966373242876 8472.638823015952 7880.2135926976825 7544.365901904088
9636.792164649409 8467.161532986804 8396.616505593753 7544.365901904089
9372.614819344257 8245.323031895663 8023.7736879772165 7544.365901904087
9160.735613600438 8617.040150770566 7794.7576136713615 7544.365901904087
9014.349552989823 8245.829969498625 7918.09028926401 7544.365901904087
9479.455698694197 8139.854133837586 7544.36590190409 7544.365901904087
9479.455698694197 8327.590103122557 7990.1924224311815 7544.365901904086
9469.37967585963 7772.52958678089 7723.261754602477 7544.365901904089
9011.624794372683 8249.24231165328 7807.41972083642 7544.36590190409
9005.260127278216 8246.18525314286 7803.152366799105 7544.365901904087
7976.777744122419 8087.115920379404 8093.170076153656 7544.365901904089
9100.74203504708 7928.601786594426 7794.7576136713615 7544.365901904088
9636.792164649409 8219.981073774688 7718.453147780438 7544.365901904088
9187.258222607485 8424.552078222641 7994.005999024438 7544.365901904086
