7544.442940929962 6711.0459080355795 6332.498091961949 6163.885020795254
7497.778111627338 6744.190345314145 6328.617229145515 6138.61868029755
7776.294192202 6695.385513623244 6297.592698947103 6150.87678598855
7621.652389516661 6625.630436213399 6385.949647423476 6182.4675449701435
7365.990731569418 6703.022515541583 6185.324380731908 6178.814934659307
7384.018315913646 6602.579186702094 6350.795859420699 6160.238345492909
7709.178485719036 6671.796936861479 6356.584907275474 6193.99313925374
7528.794728090099 6534.823235950751 6415.907351009816 6134.5556509117905
7578.081555359217 6600.953348210078 6368.510119842483 6128.500738176687
7656.9311308158385 6620.611614151424 6333.19757607511 6211.010139685664
7831.251783220673 6669.094846211383 6267.779420140887 6154.285618192583
8084.7653543152055 6899.695982927045 6396.506217263777 6188.366305478591
7783.183612067203 6961.257505626344 6268.6090288362 6165.422413135063
7694.287818662578 6540.410119775157 6360.298620123209 6253.033230395694
7539.799739069205 6627.670143346921 6328.836913589983 6161.812738297622
7397.052093900767 6677.495441863254 6482.026520735433 6171.871000838082
7922.981587288022 6784.683081232817 6282.994819720681 6168.717695569791
7221.335807074 6645.90858181305 6444.815211661487 6136.32520422164
7926.012048959248 6748.978352296707 6467.8770912613645 6164.243691101699
7351.197374653508 6483.69208568825 6292.8464685080735 6217.992122898816
7637.34433309468 6992.028824651407 6561.5917051657225 6118.365362817386
8196.755026738387 6649.011716956069 6232.932096796365 6121.652257109368
