29203.510612184735 22629.968178651892 21987.319413106696 21294.29082149035
26138.126036660167 22770.23613971683 22397.84080467997 21294.29082149036
26792.51496897642 22702.17549145643 22386.75383203478 21294.290821490347
26197.933527183992 22376.27862177383 21804.79157498438 21294.29082149036
26780.39672688107 23163.747969207874 22364.75306159532 21294.290821490347
27980.491301465758 23468.748077847715 22457.229651136317 21294.29082149035
27453.353938612046 22627.091692785034 21772.756873973274 21294.29082149036
27021.334016825585 23155.53840511819 22782.797720329803 21294.290821490347
26109.500712551668 22661.970412928236 22118.92149487479 21294.29082149036
26777.199521746126 24619.333746720255 22504.567053484076 21294.29082149035
26424.26986112677 22223.88089323082 21965.29275897205 21294.29082149035
29247.396578824708 23551.035946517808 22794.939114886256 21294.290821490355
26633.805701048397 22534.976209908335 21856.043142461822 21294.29082149036
26197.933527183992 22725.673103204503 22093.67884364993 21294.290821490347
26633.805701048397 22489.61336063304 21662.085866884827 21294.29082149035
25895.431403486684 24499.18718679011 21869.918289791156 21294.290821490355
26763.940293849675 22185.020505754343 22237.40733451532 21294.29082149036
